20-09-2020;00;10.6;18.9;20.2;99.9
20-09-2020;01;12.6;22.3;19.3;99.9
20-09-2020;02;10.7;19.1;18.8;99.9
20-09-2020;03;7.1;12.0;18.3;99.9
20-09-2020;04;5.5;9.3;18.1;98.6
20-09-2020;05;5.2;9.1;17.8;99.9
20-09-2020;06;6.1;10.7;17.3;99.9
20-09-2020;07;5.9;9.9;16.9;99.9
20-09-2020;08;5.0;11.1;18.2;98.5
20-09-2020;09;4.4;7.3;20.0;95.6
20-09-2020;10;3.8;7.2;22.0;91.2
20-09-2020;11;3.7;6.5;23.3;82.8
20-09-2020;12;4.3;8.1;25.2;81.9
20-09-2020;13;4.4;11.8;25.4;81.1
20-09-2020;14;4.1;5.8;25.3;81.2
20-09-2020;15;4.8;10.0;26.5;81.7
20-09-2020;16;4.0;13.2;26.9;81.8
20-09-2020;17;3.8;8.7;25.1;84.6
20-09-2020;18;3.2;9.8;24.1;89.5
20-09-2020;19;3.8;9.4;23.4;91.1
20-09-2020;20;6.1;10.0;22.7;93.0
20-09-2020;21;6.4;8.7;22.2;94.3
20-09-2020;22;7.0;18.1;21.9;95.6
20-09-2020;23;9.0;16.0;20.8;98.7
21-09-2020;00;9.2;20.0;21.0;99.5
21-09-2020;01;9.5;15.2;20.3;99.9
21-09-2020;02;13.6;23.5;19.4;99.9
21-09-2020;03;11.8;18.6;19.4;99.9
21-09-2020;04;11.4;23.6;19.1;99.9
21-09-2020;05;13.0;19.2;18.8;99.9
21-09-2020;06;15.3;21.5;18.2;99.9
21-09-2020;07;14.4;19.6;18.1;99.9
21-09-2020;08;14.1;32.5;18.7;99.9
21-09-2020;09;12.3;22.5;20.4;99.9
21-09-2020;10;7.2;14.7;22.2;98.4
21-09-2020;11;5.4;11.5;24.0;94.8
21-09-2020;12;5.3;10.8;24.8;91.9
21-09-2020;13;4.0;5.9;25.8;88.9
21-09-2020;14;4.6;8.9;26.1;86.7
21-09-2020;15;5.2;7.8;26.7;86.0
21-09-2020;16;4.3;8.3;27.0;87.5
21-09-2020;17;4.9;8.3;26.6;90.7
21-09-2020;18;5.3;7.5;25.3;96.6
21-09-2020;19;6.8;14.2;23.7;99.9
21-09-2020;20;8.5;10.9;22.8;99.9
21-09-2020;21;10.9;15.9;22.3;99.9
21-09-2020;22;17.4;25.5;21.4;99.9
21-09-2020;23;19.6;26.4;20.9;99.9
22-09-2020;00;25.3;35.8;20.7;99.9
22-09-2020;01;26.3;43.1;20.5;99.9
22-09-2020;02;24.6;36.5;20.2;99.9
22-09-2020;03;28.9;44.3;20.0;99.9
22-09-2020;04;29.8;42.7;19.9;99.9
22-09-2020;05;23.3;34.3;19.3;99.9
22-09-2020;06;22.5;32.1;19.5;99.9
22-09-2020;07;21.2;31.9;19.5;99.9
22-09-2020;08;21.5;29.9;19.6;99.9
22-09-2020;09;16.9;25.0;21.6;99.9
22-09-2020;10;10.0;13.1;23.3;99.9
22-09-2020;11;7.4;10.5;23.3;99.9
22-09-2020;12;7.6;11.1;24.3;99.9
22-09-2020;13;6.2;10.0;25.1;99.9
22-09-2020;14;5.6;11.2;25.5;99.9
22-09-2020;15;5.7;8.9;24.7;99.9
22-09-2020;16;4.9;9.5;24.8;99.9
22-09-2020;17;2.3;4.4;24.1;99.9
22-09-2020;18;3.4;7.9;22.3;99.9
22-09-2020;19;3.0;9.5;20.9;99.9
22-09-2020;20;4.6;7.3;20.5;99.9
22-09-2020;21;8.7;13.8;19.8;99.9
22-09-2020;22;8.9;19.4;19.9;99.9
22-09-2020;23;12.2;17.9;19.7;99.9
23-09-2020;00;12.0;17.9;19.5;99.9
23-09-2020;01;13.9;18.0;19.4;99.9
23-09-2020;02;13.7;18.0;19.2;99.9
23-09-2020;03;16.5;22.4;19.2;99.9
23-09-2020;04;16.5;25.0;19.2;99.9
23-09-2020;05;18.7;24.7;19.2;99.9
23-09-2020;06;20.4;28.3;19.1;99.9
23-09-2020;07;21.6;29.0;19.1;99.9
23-09-2020;08;25.3;38.2;19.3;99.9
23-09-2020;09;19.1;27.6;19.8;99.9
23-09-2020;10;13.1;16.6;21.3;99.9
23-09-2020;11;12.0;16.3;21.7;99.9
23-09-2020;12;12.1;17.0;23.2;99.9
23-09-2020;13;3.8;4.9;24.1;99.9
23-09-2020;14;3.6;4.2;24.5;99.9
23-09-2020;15;2.5;6.8;25.9;99.9
23-09-2020;16;5.1;8.0;23.7;99.9
23-09-2020;17;5.9;7.7;23.0;99.9
23-09-2020;18;6.6;13.3;22.9;99.9
23-09-2020;19;6.6;10.3;22.1;99.9
23-09-2020;20;12.4;16.3;21.3;99.9
23-09-2020;21;13.3;17.1;20.5;99.9
23-09-2020;22;13.7;17.0;20.2;99.9
23-09-2020;23;19.9;25.1;19.9;99.9
24-09-2020;00;20.3;26.5;19.3;99.9
24-09-2020;01;21.0;26.9;19.1;99.9
24-09-2020;02;25.8;40.0;19.2;99.9
24-09-2020;03;26.5;40.8;18.8;99.9
24-09-2020;04;25.5;37.2;18.8;99.9
24-09-2020;05;24.6;37.9;18.4;99.9
24-09-2020;06;22.2;33.0;18.3;99.9
24-09-2020;07;23.7;36.1;18.1;99.9
24-09-2020;08;20.9;28.5;19.1;99.9
24-09-2020;09;15.8;22.0;20.5;99.9
24-09-2020;10;11.7;16.7;21.5;99.9
24-09-2020;11;8.3;15.9;22.2;99.9
24-09-2020;12;7.4;12.6;23.6;99.9
24-09-2020;13;8.7;13.8;24.1;99.9
24-09-2020;14;11.1;19.8;25.8;99.9
24-09-2020;15;7.6;10.2;25.5;99.9
24-09-2020;16;9.7;16.4;26.0;99.9
24-09-2020;17;3.2;4.8;25.3;99.9
24-09-2020;18;5.8;11.7;23.5;99.9
24-09-2020;19;4.8;9.9;22.7;99.9
24-09-2020;20;8.3;9.5;21.6;99.9
24-09-2020;21;7.2;9.4;21.0;99.9
24-09-2020;22;6.4;12.6;20.3;99.9
24-09-2020;23;6.2;8.6;20.2;99.9
25-09-2020;00;9.0;10.1;19.8;99.9
25-09-2020;01;12.5;16.3;19.8;99.9
25-09-2020;02;15.9;18.9;19.6;99.9
25-09-2020;03;15.9;22.5;19.6;99.9
25-09-2020;04;13.5;20.1;19.3;99.9
25-09-2020;05;13.6;19.1;19.1;99.9
25-09-2020;06;15.7;21.0;19.0;99.9
25-09-2020;07;15.6;20.7;19.3;99.9
25-09-2020;09;10.8;16.5;20.6;99.9
25-09-2020;10;4.9;6.5;21.6;99.9
25-09-2020;11;8.0;13.9;22.4;99.9
25-09-2020;12;8.9;10.2;23.8;99.9
25-09-2020;13;3.2;7.7;25.6;99.9
25-09-2020;14;2.5;4.9;25.8;99.9
25-09-2020;15;2.0;12.6;26.7;91.5
25-09-2020;16;1.8;9.8;25.2;78.2
25-09-2020;19;0.8;3.5;20.3;91.4
25-09-2020;21;0.7;2.5;17.0;99.9
25-09-2020;22;3.7;8.5;16.1;99.9
25-09-2020;23;1.0;3.3;15.4;99.9
26-09-2020;00;0.8;2.9;15.8;99.9
26-09-2020;01;0.2;0.3;15.7;98.7
26-09-2020;02;0.4;3.0;13.8;99.9
26-09-2020;03;0.1;0.3;13.6;99.9
26-09-2020;04;0.1;0.1;13.9;99.9
26-09-2020;05;0.2;0.6;13.9;99.9
26-09-2020;06;0.3;0.4;13.9;99.9
26-09-2020;07;0.5;4.7;13.4;99.9
26-09-2020;08;0.5;1.8;13.8;99.9
26-09-2020;09;0.3;1.7;14.6;99.9
26-09-2020;10;0.6;2.6;16.2;99.9
26-09-2020;11;0.6;1.7;18.4;94.8
26-09-2020;12;0.6;2.1;19.6;92.6
26-09-2020;13;0.9;2.6;20.8;90.7
26-09-2020;14;0.7;2.6;22.2;87.6
26-09-2020;15;0.8;1.1;21.6;88.9
26-09-2020;16;0.7;3.0;20.9;87.5
26-09-2020;17;1.9;6.2;19.9;92.0
26-09-2020;18;1.8;5.9;19.2;95.2